{
 "cells": [
  {
   "cell_type": "code",
   "execution_count": 1,
   "metadata": {},
   "outputs": [],
   "source": [
    "# 我们研究一天之内的数据, 所以在程序的开始加载当日的所有数据.\n",
    "Date = '2023-01-04'"
   ]
  },
  {
   "cell_type": "code",
   "execution_count": 2,
   "metadata": {},
   "outputs": [],
   "source": [
    "# 在本次研究中, 我们关注的Contious Count Station 为:\n",
    "# [601, 626, 632, 635, 643, 645, 647, 648, 656, 658, 662, 671, 672, 675, 676] \n",
    "\n",
    "Utah_Vehicles_Person = 0.850 # vehicles per person in Utah\n",
    "Region_1_population = 19902# Highland population\n",
    "Region_2_population = 0.5 * 84373 # half of population of Lehi 2022\n",
    "Region_3_population = 0.5 * 84373 # the other half of population of Lehi 2022\n",
    "Region_4_population = 37268 + 37630 # the population of American Fork and Pleasant Grove 2022\n",
    "Region_5_population = 17865 # Heber City which is far from Highland\n",
    "Region_6_population = 19080+59179+50731 # Bluffdale + Herriman + Draper population\n",
    "Region_7_population = 54149  # Eagle Mountain population\n",
    "region_8_population = 11704 + 95910 + 14535 # Lindon + Orem + Vineyard population\n",
    "\n",
    "## suppose the total number of cars in the city\n",
    "region_1_initial_traffic_amount = int(Region_1_population * Utah_Vehicles_Person)\n",
    "region_2_initial_traffic_amount = int(Region_2_population * Utah_Vehicles_Person)\n",
    "region_3_initial_traffic_amount = int(Region_3_population * Utah_Vehicles_Person)\n",
    "region_4_initial_traffic_amount = int(Region_4_population * Utah_Vehicles_Person)\n",
    "region_5_initial_traffic_amount = int(Region_5_population * Utah_Vehicles_Person)\n",
    "region_6_initial_traffic_amount = int(Region_6_population * Utah_Vehicles_Person)\n",
    "region_7_initial_traffic_amount = int(Region_7_population * Utah_Vehicles_Person)\n",
    "region_8_initial_traffic_amount = int(region_8_population * Utah_Vehicles_Person)"
   ]
  },
  {
   "cell_type": "code",
   "execution_count": 3,
   "metadata": {},
   "outputs": [
    {
     "name": "stdout",
     "output_type": "stream",
     "text": [
      "CCS idx:  645\n",
      "Warning: the data for this date is not available\n",
      "CCS idx:  656\n",
      "Warning: the data for this date is not available\n",
      "The initial traffic amount of Region  1  is  16916\n",
      "The initial traffic amount of Region  2  is  35858\n",
      "The initial traffic amount of Region  3  is  35858\n",
      "The initial traffic amount of Region  4  is  63663\n",
      "The initial traffic amount of Region  5  is  15185\n",
      "The initial traffic amount of Region  6  is  109641\n",
      "The initial traffic amount of Region  7  is  46026\n",
      "The initial traffic amount of Region  8  is  103826\n"
     ]
    }
   ],
   "source": [
    "import model\n",
    "import numpy as np\n",
    "\n",
    "_initial_traffic_amouts_list = [region_1_initial_traffic_amount, region_2_initial_traffic_amount, \n",
    "                                region_3_initial_traffic_amount, region_4_initial_traffic_amount, \n",
    "                                region_5_initial_traffic_amount, region_6_initial_traffic_amount, \n",
    "                                region_7_initial_traffic_amount, region_8_initial_traffic_amount]\n",
    "\n",
    "# initialization of CCSs\n",
    "CCS_601, CCS_626, CCS_632, CCS_635, CCS_643,\\\n",
    "CCS_645, CCS_647, CCS_648, CCS_656, CCS_658,\\\n",
    "CCS_662, CCS_671, CCS_672, CCS_675, CCS_676,\\\n",
    "Region_1, Region_2, Region_3, Region_4,\\\n",
    "Region_5, Region_6, Region_7, Region_8 = \\\n",
    "model.initialize_CSSs_and_Regions(date=Date, \n",
    "                                  initials_traffic_amount_list=_initial_traffic_amouts_list)\n",
    "model.initialize_region_transition_amount()\n",
    "model.initialize_region_transition_matrix()"
   ]
  },
  {
   "cell_type": "code",
   "execution_count": 4,
   "metadata": {},
   "outputs": [],
   "source": [
    "def get_hour_k_step_transition_matrix(begin_hour, k):\n",
    "\treturn (np.array([model.region_transition_matrix[i][j][begin_hour][k] for i in range(8) for j in range(8)]).reshape(8, 8))"
   ]
  },
  {
   "cell_type": "code",
   "execution_count": 5,
   "metadata": {},
   "outputs": [
    {
     "name": "stdout",
     "output_type": "stream",
     "text": [
      "[[9.95329865e-01 4.49278789e-03 0.00000000e+00 0.00000000e+00\n",
      "  1.77346891e-04 0.00000000e+00 0.00000000e+00 0.00000000e+00]\n",
      " [2.70511462e-03 9.54040939e-01 3.09554353e-03 1.79597300e-02\n",
      "  0.00000000e+00 2.21986725e-02 0.00000000e+00 0.00000000e+00]\n",
      " [0.00000000e+00 7.25082269e-03 9.85860896e-01 2.73300240e-03\n",
      "  0.00000000e+00 0.00000000e+00 4.15527916e-03 0.00000000e+00]\n",
      " [0.00000000e+00 1.10739362e-02 2.92163423e-03 9.73359722e-01\n",
      "  0.00000000e+00 0.00000000e+00 0.00000000e+00 1.26447073e-02]\n",
      " [5.92690155e-04 0.00000000e+00 0.00000000e+00 0.00000000e+00\n",
      "  9.99407310e-01 0.00000000e+00 0.00000000e+00 0.00000000e+00]\n",
      " [0.00000000e+00 6.33886958e-03 0.00000000e+00 0.00000000e+00\n",
      "  0.00000000e+00 9.93661130e-01 0.00000000e+00 0.00000000e+00]\n",
      " [0.00000000e+00 0.00000000e+00 1.28188415e-03 0.00000000e+00\n",
      "  0.00000000e+00 0.00000000e+00 9.98718116e-01 0.00000000e+00]\n",
      " [0.00000000e+00 0.00000000e+00 0.00000000e+00 8.60092848e-03\n",
      "  0.00000000e+00 0.00000000e+00 0.00000000e+00 9.91399072e-01]]\n",
      "[[9.95329865e-01 4.49278789e-03 0.00000000e+00 0.00000000e+00\n",
      "  1.77346891e-04 0.00000000e+00 0.00000000e+00 0.00000000e+00]\n",
      " [2.70511462e-03 9.54040939e-01 3.09554353e-03 1.79597300e-02\n",
      "  0.00000000e+00 2.21986725e-02 0.00000000e+00 0.00000000e+00]\n",
      " [0.00000000e+00 7.25082269e-03 9.85860896e-01 2.73300240e-03\n",
      "  0.00000000e+00 0.00000000e+00 4.15527916e-03 0.00000000e+00]\n",
      " [0.00000000e+00 1.10739362e-02 2.92163423e-03 9.73359722e-01\n",
      "  0.00000000e+00 0.00000000e+00 0.00000000e+00 1.26447073e-02]\n",
      " [5.92690155e-04 0.00000000e+00 0.00000000e+00 0.00000000e+00\n",
      "  9.99407310e-01 0.00000000e+00 0.00000000e+00 0.00000000e+00]\n",
      " [0.00000000e+00 6.33886958e-03 0.00000000e+00 0.00000000e+00\n",
      "  0.00000000e+00 9.93661130e-01 0.00000000e+00 0.00000000e+00]\n",
      " [0.00000000e+00 0.00000000e+00 1.28188415e-03 0.00000000e+00\n",
      "  0.00000000e+00 0.00000000e+00 9.98718116e-01 0.00000000e+00]\n",
      " [0.00000000e+00 0.00000000e+00 0.00000000e+00 8.60092848e-03\n",
      "  0.00000000e+00 0.00000000e+00 0.00000000e+00 9.91399072e-01]]\n",
      "False\n",
      "[[9.95329865e-01 4.49278789e-03 0.00000000e+00 0.00000000e+00\n",
      "  1.77346891e-04 0.00000000e+00 0.00000000e+00 0.00000000e+00]\n",
      " [2.70511462e-03 9.54040939e-01 3.09554353e-03 1.79597300e-02\n",
      "  0.00000000e+00 2.21986725e-02 0.00000000e+00 0.00000000e+00]\n",
      " [0.00000000e+00 7.25082269e-03 9.85860896e-01 2.73300240e-03\n",
      "  0.00000000e+00 0.00000000e+00 4.15527916e-03 0.00000000e+00]\n",
      " [0.00000000e+00 1.10739362e-02 2.92163423e-03 9.73359722e-01\n",
      "  0.00000000e+00 0.00000000e+00 0.00000000e+00 1.26447073e-02]\n",
      " [5.92690155e-04 0.00000000e+00 0.00000000e+00 0.00000000e+00\n",
      "  9.99407310e-01 0.00000000e+00 0.00000000e+00 0.00000000e+00]\n",
      " [0.00000000e+00 6.33886958e-03 0.00000000e+00 0.00000000e+00\n",
      "  0.00000000e+00 9.93661130e-01 0.00000000e+00 0.00000000e+00]\n",
      " [0.00000000e+00 0.00000000e+00 1.28188415e-03 0.00000000e+00\n",
      "  0.00000000e+00 0.00000000e+00 9.98718116e-01 0.00000000e+00]\n",
      " [0.00000000e+00 0.00000000e+00 0.00000000e+00 8.60092848e-03\n",
      "  0.00000000e+00 0.00000000e+00 0.00000000e+00 9.91399072e-01]]\n",
      "False\n",
      "[[9.95329865e-01 4.49278789e-03 0.00000000e+00 0.00000000e+00\n",
      "  1.77346891e-04 0.00000000e+00 0.00000000e+00 0.00000000e+00]\n",
      " [2.70511462e-03 9.54040939e-01 3.09554353e-03 1.79597300e-02\n",
      "  0.00000000e+00 2.21986725e-02 0.00000000e+00 0.00000000e+00]\n",
      " [0.00000000e+00 7.25082269e-03 9.85860896e-01 2.73300240e-03\n",
      "  0.00000000e+00 0.00000000e+00 4.15527916e-03 0.00000000e+00]\n",
      " [0.00000000e+00 1.10739362e-02 2.92163423e-03 9.73359722e-01\n",
      "  0.00000000e+00 0.00000000e+00 0.00000000e+00 1.26447073e-02]\n",
      " [5.92690155e-04 0.00000000e+00 0.00000000e+00 0.00000000e+00\n",
      "  9.99407310e-01 0.00000000e+00 0.00000000e+00 0.00000000e+00]\n",
      " [0.00000000e+00 6.33886958e-03 0.00000000e+00 0.00000000e+00\n",
      "  0.00000000e+00 9.93661130e-01 0.00000000e+00 0.00000000e+00]\n",
      " [0.00000000e+00 0.00000000e+00 1.28188415e-03 0.00000000e+00\n",
      "  0.00000000e+00 0.00000000e+00 9.98718116e-01 0.00000000e+00]\n",
      " [0.00000000e+00 0.00000000e+00 0.00000000e+00 8.60092848e-03\n",
      "  0.00000000e+00 0.00000000e+00 0.00000000e+00 9.91399072e-01]]\n",
      "False\n",
      "[[9.95329865e-01 4.49278789e-03 0.00000000e+00 0.00000000e+00\n",
      "  1.77346891e-04 0.00000000e+00 0.00000000e+00 0.00000000e+00]\n",
      " [2.70511462e-03 9.54040939e-01 3.09554353e-03 1.79597300e-02\n",
      "  0.00000000e+00 2.21986725e-02 0.00000000e+00 0.00000000e+00]\n",
      " [0.00000000e+00 7.25082269e-03 9.85860896e-01 2.73300240e-03\n",
      "  0.00000000e+00 0.00000000e+00 4.15527916e-03 0.00000000e+00]\n",
      " [0.00000000e+00 1.10739362e-02 2.92163423e-03 9.73359722e-01\n",
      "  0.00000000e+00 0.00000000e+00 0.00000000e+00 1.26447073e-02]\n",
      " [5.92690155e-04 0.00000000e+00 0.00000000e+00 0.00000000e+00\n",
      "  9.99407310e-01 0.00000000e+00 0.00000000e+00 0.00000000e+00]\n",
      " [0.00000000e+00 6.33886958e-03 0.00000000e+00 0.00000000e+00\n",
      "  0.00000000e+00 9.93661130e-01 0.00000000e+00 0.00000000e+00]\n",
      " [0.00000000e+00 0.00000000e+00 1.28188415e-03 0.00000000e+00\n",
      "  0.00000000e+00 0.00000000e+00 9.98718116e-01 0.00000000e+00]\n",
      " [0.00000000e+00 0.00000000e+00 0.00000000e+00 8.60092848e-03\n",
      "  0.00000000e+00 0.00000000e+00 0.00000000e+00 9.91399072e-01]]\n",
      "False\n",
      "[[9.95329865e-01 4.49278789e-03 0.00000000e+00 0.00000000e+00\n",
      "  1.77346891e-04 0.00000000e+00 0.00000000e+00 0.00000000e+00]\n",
      " [2.70511462e-03 9.54040939e-01 3.09554353e-03 1.79597300e-02\n",
      "  0.00000000e+00 2.21986725e-02 0.00000000e+00 0.00000000e+00]\n",
      " [0.00000000e+00 7.25082269e-03 9.85860896e-01 2.73300240e-03\n",
      "  0.00000000e+00 0.00000000e+00 4.15527916e-03 0.00000000e+00]\n",
      " [0.00000000e+00 1.10739362e-02 2.92163423e-03 9.73359722e-01\n",
      "  0.00000000e+00 0.00000000e+00 0.00000000e+00 1.26447073e-02]\n",
      " [5.92690155e-04 0.00000000e+00 0.00000000e+00 0.00000000e+00\n",
      "  9.99407310e-01 0.00000000e+00 0.00000000e+00 0.00000000e+00]\n",
      " [0.00000000e+00 6.33886958e-03 0.00000000e+00 0.00000000e+00\n",
      "  0.00000000e+00 9.93661130e-01 0.00000000e+00 0.00000000e+00]\n",
      " [0.00000000e+00 0.00000000e+00 1.28188415e-03 0.00000000e+00\n",
      "  0.00000000e+00 0.00000000e+00 9.98718116e-01 0.00000000e+00]\n",
      " [0.00000000e+00 0.00000000e+00 0.00000000e+00 8.60092848e-03\n",
      "  0.00000000e+00 0.00000000e+00 0.00000000e+00 9.91399072e-01]]\n",
      "False\n",
      "[[9.95329865e-01 4.49278789e-03 0.00000000e+00 0.00000000e+00\n",
      "  1.77346891e-04 0.00000000e+00 0.00000000e+00 0.00000000e+00]\n",
      " [2.70511462e-03 9.54040939e-01 3.09554353e-03 1.79597300e-02\n",
      "  0.00000000e+00 2.21986725e-02 0.00000000e+00 0.00000000e+00]\n",
      " [0.00000000e+00 7.25082269e-03 9.85860896e-01 2.73300240e-03\n",
      "  0.00000000e+00 0.00000000e+00 4.15527916e-03 0.00000000e+00]\n",
      " [0.00000000e+00 1.10739362e-02 2.92163423e-03 9.73359722e-01\n",
      "  0.00000000e+00 0.00000000e+00 0.00000000e+00 1.26447073e-02]\n",
      " [5.92690155e-04 0.00000000e+00 0.00000000e+00 0.00000000e+00\n",
      "  9.99407310e-01 0.00000000e+00 0.00000000e+00 0.00000000e+00]\n",
      " [0.00000000e+00 6.33886958e-03 0.00000000e+00 0.00000000e+00\n",
      "  0.00000000e+00 9.93661130e-01 0.00000000e+00 0.00000000e+00]\n",
      " [0.00000000e+00 0.00000000e+00 1.28188415e-03 0.00000000e+00\n",
      "  0.00000000e+00 0.00000000e+00 9.98718116e-01 0.00000000e+00]\n",
      " [0.00000000e+00 0.00000000e+00 0.00000000e+00 8.60092848e-03\n",
      "  0.00000000e+00 0.00000000e+00 0.00000000e+00 9.91399072e-01]]\n",
      "False\n",
      "[[9.95329865e-01 4.49278789e-03 0.00000000e+00 0.00000000e+00\n",
      "  1.77346891e-04 0.00000000e+00 0.00000000e+00 0.00000000e+00]\n",
      " [2.70511462e-03 9.54040939e-01 3.09554353e-03 1.79597300e-02\n",
      "  0.00000000e+00 2.21986725e-02 0.00000000e+00 0.00000000e+00]\n",
      " [0.00000000e+00 7.25082269e-03 9.85860896e-01 2.73300240e-03\n",
      "  0.00000000e+00 0.00000000e+00 4.15527916e-03 0.00000000e+00]\n",
      " [0.00000000e+00 1.10739362e-02 2.92163423e-03 9.73359722e-01\n",
      "  0.00000000e+00 0.00000000e+00 0.00000000e+00 1.26447073e-02]\n",
      " [5.92690155e-04 0.00000000e+00 0.00000000e+00 0.00000000e+00\n",
      "  9.99407310e-01 0.00000000e+00 0.00000000e+00 0.00000000e+00]\n",
      " [0.00000000e+00 6.33886958e-03 0.00000000e+00 0.00000000e+00\n",
      "  0.00000000e+00 9.93661130e-01 0.00000000e+00 0.00000000e+00]\n",
      " [0.00000000e+00 0.00000000e+00 1.28188415e-03 0.00000000e+00\n",
      "  0.00000000e+00 0.00000000e+00 9.98718116e-01 0.00000000e+00]\n",
      " [0.00000000e+00 0.00000000e+00 0.00000000e+00 8.60092848e-03\n",
      "  0.00000000e+00 0.00000000e+00 0.00000000e+00 9.91399072e-01]]\n",
      "False\n",
      "[[9.95329865e-01 4.49278789e-03 0.00000000e+00 0.00000000e+00\n",
      "  1.77346891e-04 0.00000000e+00 0.00000000e+00 0.00000000e+00]\n",
      " [2.70511462e-03 9.54040939e-01 3.09554353e-03 1.79597300e-02\n",
      "  0.00000000e+00 2.21986725e-02 0.00000000e+00 0.00000000e+00]\n",
      " [0.00000000e+00 7.25082269e-03 9.85860896e-01 2.73300240e-03\n",
      "  0.00000000e+00 0.00000000e+00 4.15527916e-03 0.00000000e+00]\n",
      " [0.00000000e+00 1.10739362e-02 2.92163423e-03 9.73359722e-01\n",
      "  0.00000000e+00 0.00000000e+00 0.00000000e+00 1.26447073e-02]\n",
      " [5.92690155e-04 0.00000000e+00 0.00000000e+00 0.00000000e+00\n",
      "  9.99407310e-01 0.00000000e+00 0.00000000e+00 0.00000000e+00]\n",
      " [0.00000000e+00 6.33886958e-03 0.00000000e+00 0.00000000e+00\n",
      "  0.00000000e+00 9.93661130e-01 0.00000000e+00 0.00000000e+00]\n",
      " [0.00000000e+00 0.00000000e+00 1.28188415e-03 0.00000000e+00\n",
      "  0.00000000e+00 0.00000000e+00 9.98718116e-01 0.00000000e+00]\n",
      " [0.00000000e+00 0.00000000e+00 0.00000000e+00 8.60092848e-03\n",
      "  0.00000000e+00 0.00000000e+00 0.00000000e+00 9.91399072e-01]]\n",
      "False\n",
      "[[9.95329865e-01 4.49278789e-03 0.00000000e+00 0.00000000e+00\n",
      "  1.77346891e-04 0.00000000e+00 0.00000000e+00 0.00000000e+00]\n",
      " [2.70511462e-03 9.54040939e-01 3.09554353e-03 1.79597300e-02\n",
      "  0.00000000e+00 2.21986725e-02 0.00000000e+00 0.00000000e+00]\n",
      " [0.00000000e+00 7.25082269e-03 9.85860896e-01 2.73300240e-03\n",
      "  0.00000000e+00 0.00000000e+00 4.15527916e-03 0.00000000e+00]\n",
      " [0.00000000e+00 1.10739362e-02 2.92163423e-03 9.73359722e-01\n",
      "  0.00000000e+00 0.00000000e+00 0.00000000e+00 1.26447073e-02]\n",
      " [5.92690155e-04 0.00000000e+00 0.00000000e+00 0.00000000e+00\n",
      "  9.99407310e-01 0.00000000e+00 0.00000000e+00 0.00000000e+00]\n",
      " [0.00000000e+00 6.33886958e-03 0.00000000e+00 0.00000000e+00\n",
      "  0.00000000e+00 9.93661130e-01 0.00000000e+00 0.00000000e+00]\n",
      " [0.00000000e+00 0.00000000e+00 1.28188415e-03 0.00000000e+00\n",
      "  0.00000000e+00 0.00000000e+00 9.98718116e-01 0.00000000e+00]\n",
      " [0.00000000e+00 0.00000000e+00 0.00000000e+00 8.60092848e-03\n",
      "  0.00000000e+00 0.00000000e+00 0.00000000e+00 9.91399072e-01]]\n",
      "False\n",
      "[[9.95329865e-01 4.49278789e-03 0.00000000e+00 0.00000000e+00\n",
      "  1.77346891e-04 0.00000000e+00 0.00000000e+00 0.00000000e+00]\n",
      " [2.70511462e-03 9.54040939e-01 3.09554353e-03 1.79597300e-02\n",
      "  0.00000000e+00 2.21986725e-02 0.00000000e+00 0.00000000e+00]\n",
      " [0.00000000e+00 7.25082269e-03 9.85860896e-01 2.73300240e-03\n",
      "  0.00000000e+00 0.00000000e+00 4.15527916e-03 0.00000000e+00]\n",
      " [0.00000000e+00 1.10739362e-02 2.92163423e-03 9.73359722e-01\n",
      "  0.00000000e+00 0.00000000e+00 0.00000000e+00 1.26447073e-02]\n",
      " [5.92690155e-04 0.00000000e+00 0.00000000e+00 0.00000000e+00\n",
      "  9.99407310e-01 0.00000000e+00 0.00000000e+00 0.00000000e+00]\n",
      " [0.00000000e+00 6.33886958e-03 0.00000000e+00 0.00000000e+00\n",
      "  0.00000000e+00 9.93661130e-01 0.00000000e+00 0.00000000e+00]\n",
      " [0.00000000e+00 0.00000000e+00 1.28188415e-03 0.00000000e+00\n",
      "  0.00000000e+00 0.00000000e+00 9.98718116e-01 0.00000000e+00]\n",
      " [0.00000000e+00 0.00000000e+00 0.00000000e+00 8.60092848e-03\n",
      "  0.00000000e+00 0.00000000e+00 0.00000000e+00 9.91399072e-01]]\n",
      "False\n",
      "[[9.95329865e-01 4.49278789e-03 0.00000000e+00 0.00000000e+00\n",
      "  1.77346891e-04 0.00000000e+00 0.00000000e+00 0.00000000e+00]\n",
      " [2.70511462e-03 9.54040939e-01 3.09554353e-03 1.79597300e-02\n",
      "  0.00000000e+00 2.21986725e-02 0.00000000e+00 0.00000000e+00]\n",
      " [0.00000000e+00 7.25082269e-03 9.85860896e-01 2.73300240e-03\n",
      "  0.00000000e+00 0.00000000e+00 4.15527916e-03 0.00000000e+00]\n",
      " [0.00000000e+00 1.10739362e-02 2.92163423e-03 9.73359722e-01\n",
      "  0.00000000e+00 0.00000000e+00 0.00000000e+00 1.26447073e-02]\n",
      " [5.92690155e-04 0.00000000e+00 0.00000000e+00 0.00000000e+00\n",
      "  9.99407310e-01 0.00000000e+00 0.00000000e+00 0.00000000e+00]\n",
      " [0.00000000e+00 6.33886958e-03 0.00000000e+00 0.00000000e+00\n",
      "  0.00000000e+00 9.93661130e-01 0.00000000e+00 0.00000000e+00]\n",
      " [0.00000000e+00 0.00000000e+00 1.28188415e-03 0.00000000e+00\n",
      "  0.00000000e+00 0.00000000e+00 9.98718116e-01 0.00000000e+00]\n",
      " [0.00000000e+00 0.00000000e+00 0.00000000e+00 8.60092848e-03\n",
      "  0.00000000e+00 0.00000000e+00 0.00000000e+00 9.91399072e-01]]\n",
      "False\n",
      "[[9.95329865e-01 4.49278789e-03 0.00000000e+00 0.00000000e+00\n",
      "  1.77346891e-04 0.00000000e+00 0.00000000e+00 0.00000000e+00]\n",
      " [2.70511462e-03 9.54040939e-01 3.09554353e-03 1.79597300e-02\n",
      "  0.00000000e+00 2.21986725e-02 0.00000000e+00 0.00000000e+00]\n",
      " [0.00000000e+00 7.25082269e-03 9.85860896e-01 2.73300240e-03\n",
      "  0.00000000e+00 0.00000000e+00 4.15527916e-03 0.00000000e+00]\n",
      " [0.00000000e+00 1.10739362e-02 2.92163423e-03 9.73359722e-01\n",
      "  0.00000000e+00 0.00000000e+00 0.00000000e+00 1.26447073e-02]\n",
      " [5.92690155e-04 0.00000000e+00 0.00000000e+00 0.00000000e+00\n",
      "  9.99407310e-01 0.00000000e+00 0.00000000e+00 0.00000000e+00]\n",
      " [0.00000000e+00 6.33886958e-03 0.00000000e+00 0.00000000e+00\n",
      "  0.00000000e+00 9.93661130e-01 0.00000000e+00 0.00000000e+00]\n",
      " [0.00000000e+00 0.00000000e+00 1.28188415e-03 0.00000000e+00\n",
      "  0.00000000e+00 0.00000000e+00 9.98718116e-01 0.00000000e+00]\n",
      " [0.00000000e+00 0.00000000e+00 0.00000000e+00 8.60092848e-03\n",
      "  0.00000000e+00 0.00000000e+00 0.00000000e+00 9.91399072e-01]]\n",
      "False\n",
      "[[9.95329865e-01 4.49278789e-03 0.00000000e+00 0.00000000e+00\n",
      "  1.77346891e-04 0.00000000e+00 0.00000000e+00 0.00000000e+00]\n",
      " [2.70511462e-03 9.54040939e-01 3.09554353e-03 1.79597300e-02\n",
      "  0.00000000e+00 2.21986725e-02 0.00000000e+00 0.00000000e+00]\n",
      " [0.00000000e+00 7.25082269e-03 9.85860896e-01 2.73300240e-03\n",
      "  0.00000000e+00 0.00000000e+00 4.15527916e-03 0.00000000e+00]\n",
      " [0.00000000e+00 1.10739362e-02 2.92163423e-03 9.73359722e-01\n",
      "  0.00000000e+00 0.00000000e+00 0.00000000e+00 1.26447073e-02]\n",
      " [5.92690155e-04 0.00000000e+00 0.00000000e+00 0.00000000e+00\n",
      "  9.99407310e-01 0.00000000e+00 0.00000000e+00 0.00000000e+00]\n",
      " [0.00000000e+00 6.33886958e-03 0.00000000e+00 0.00000000e+00\n",
      "  0.00000000e+00 9.93661130e-01 0.00000000e+00 0.00000000e+00]\n",
      " [0.00000000e+00 0.00000000e+00 1.28188415e-03 0.00000000e+00\n",
      "  0.00000000e+00 0.00000000e+00 9.98718116e-01 0.00000000e+00]\n",
      " [0.00000000e+00 0.00000000e+00 0.00000000e+00 8.60092848e-03\n",
      "  0.00000000e+00 0.00000000e+00 0.00000000e+00 9.91399072e-01]]\n",
      "False\n",
      "[[9.95329865e-01 4.49278789e-03 0.00000000e+00 0.00000000e+00\n",
      "  1.77346891e-04 0.00000000e+00 0.00000000e+00 0.00000000e+00]\n",
      " [2.70511462e-03 9.54040939e-01 3.09554353e-03 1.79597300e-02\n",
      "  0.00000000e+00 2.21986725e-02 0.00000000e+00 0.00000000e+00]\n",
      " [0.00000000e+00 7.25082269e-03 9.85860896e-01 2.73300240e-03\n",
      "  0.00000000e+00 0.00000000e+00 4.15527916e-03 0.00000000e+00]\n",
      " [0.00000000e+00 1.10739362e-02 2.92163423e-03 9.73359722e-01\n",
      "  0.00000000e+00 0.00000000e+00 0.00000000e+00 1.26447073e-02]\n",
      " [5.92690155e-04 0.00000000e+00 0.00000000e+00 0.00000000e+00\n",
      "  9.99407310e-01 0.00000000e+00 0.00000000e+00 0.00000000e+00]\n",
      " [0.00000000e+00 6.33886958e-03 0.00000000e+00 0.00000000e+00\n",
      "  0.00000000e+00 9.93661130e-01 0.00000000e+00 0.00000000e+00]\n",
      " [0.00000000e+00 0.00000000e+00 1.28188415e-03 0.00000000e+00\n",
      "  0.00000000e+00 0.00000000e+00 9.98718116e-01 0.00000000e+00]\n",
      " [0.00000000e+00 0.00000000e+00 0.00000000e+00 8.60092848e-03\n",
      "  0.00000000e+00 0.00000000e+00 0.00000000e+00 9.91399072e-01]]\n",
      "False\n",
      "[[9.95329865e-01 4.49278789e-03 0.00000000e+00 0.00000000e+00\n",
      "  1.77346891e-04 0.00000000e+00 0.00000000e+00 0.00000000e+00]\n",
      " [2.70511462e-03 9.54040939e-01 3.09554353e-03 1.79597300e-02\n",
      "  0.00000000e+00 2.21986725e-02 0.00000000e+00 0.00000000e+00]\n",
      " [0.00000000e+00 7.25082269e-03 9.85860896e-01 2.73300240e-03\n",
      "  0.00000000e+00 0.00000000e+00 4.15527916e-03 0.00000000e+00]\n",
      " [0.00000000e+00 1.10739362e-02 2.92163423e-03 9.73359722e-01\n",
      "  0.00000000e+00 0.00000000e+00 0.00000000e+00 1.26447073e-02]\n",
      " [5.92690155e-04 0.00000000e+00 0.00000000e+00 0.00000000e+00\n",
      "  9.99407310e-01 0.00000000e+00 0.00000000e+00 0.00000000e+00]\n",
      " [0.00000000e+00 6.33886958e-03 0.00000000e+00 0.00000000e+00\n",
      "  0.00000000e+00 9.93661130e-01 0.00000000e+00 0.00000000e+00]\n",
      " [0.00000000e+00 0.00000000e+00 1.28188415e-03 0.00000000e+00\n",
      "  0.00000000e+00 0.00000000e+00 9.98718116e-01 0.00000000e+00]\n",
      " [0.00000000e+00 0.00000000e+00 0.00000000e+00 8.60092848e-03\n",
      "  0.00000000e+00 0.00000000e+00 0.00000000e+00 9.91399072e-01]]\n",
      "False\n",
      "[[9.95329865e-01 4.49278789e-03 0.00000000e+00 0.00000000e+00\n",
      "  1.77346891e-04 0.00000000e+00 0.00000000e+00 0.00000000e+00]\n",
      " [2.70511462e-03 9.54040939e-01 3.09554353e-03 1.79597300e-02\n",
      "  0.00000000e+00 2.21986725e-02 0.00000000e+00 0.00000000e+00]\n",
      " [0.00000000e+00 7.25082269e-03 9.85860896e-01 2.73300240e-03\n",
      "  0.00000000e+00 0.00000000e+00 4.15527916e-03 0.00000000e+00]\n",
      " [0.00000000e+00 1.10739362e-02 2.92163423e-03 9.73359722e-01\n",
      "  0.00000000e+00 0.00000000e+00 0.00000000e+00 1.26447073e-02]\n",
      " [5.92690155e-04 0.00000000e+00 0.00000000e+00 0.00000000e+00\n",
      "  9.99407310e-01 0.00000000e+00 0.00000000e+00 0.00000000e+00]\n",
      " [0.00000000e+00 6.33886958e-03 0.00000000e+00 0.00000000e+00\n",
      "  0.00000000e+00 9.93661130e-01 0.00000000e+00 0.00000000e+00]\n",
      " [0.00000000e+00 0.00000000e+00 1.28188415e-03 0.00000000e+00\n",
      "  0.00000000e+00 0.00000000e+00 9.98718116e-01 0.00000000e+00]\n",
      " [0.00000000e+00 0.00000000e+00 0.00000000e+00 8.60092848e-03\n",
      "  0.00000000e+00 0.00000000e+00 0.00000000e+00 9.91399072e-01]]\n",
      "False\n",
      "[[9.95329865e-01 4.49278789e-03 0.00000000e+00 0.00000000e+00\n",
      "  1.77346891e-04 0.00000000e+00 0.00000000e+00 0.00000000e+00]\n",
      " [2.70511462e-03 9.54040939e-01 3.09554353e-03 1.79597300e-02\n",
      "  0.00000000e+00 2.21986725e-02 0.00000000e+00 0.00000000e+00]\n",
      " [0.00000000e+00 7.25082269e-03 9.85860896e-01 2.73300240e-03\n",
      "  0.00000000e+00 0.00000000e+00 4.15527916e-03 0.00000000e+00]\n",
      " [0.00000000e+00 1.10739362e-02 2.92163423e-03 9.73359722e-01\n",
      "  0.00000000e+00 0.00000000e+00 0.00000000e+00 1.26447073e-02]\n",
      " [5.92690155e-04 0.00000000e+00 0.00000000e+00 0.00000000e+00\n",
      "  9.99407310e-01 0.00000000e+00 0.00000000e+00 0.00000000e+00]\n",
      " [0.00000000e+00 6.33886958e-03 0.00000000e+00 0.00000000e+00\n",
      "  0.00000000e+00 9.93661130e-01 0.00000000e+00 0.00000000e+00]\n",
      " [0.00000000e+00 0.00000000e+00 1.28188415e-03 0.00000000e+00\n",
      "  0.00000000e+00 0.00000000e+00 9.98718116e-01 0.00000000e+00]\n",
      " [0.00000000e+00 0.00000000e+00 0.00000000e+00 8.60092848e-03\n",
      "  0.00000000e+00 0.00000000e+00 0.00000000e+00 9.91399072e-01]]\n",
      "False\n",
      "[[9.95329865e-01 4.49278789e-03 0.00000000e+00 0.00000000e+00\n",
      "  1.77346891e-04 0.00000000e+00 0.00000000e+00 0.00000000e+00]\n",
      " [2.70511462e-03 9.54040939e-01 3.09554353e-03 1.79597300e-02\n",
      "  0.00000000e+00 2.21986725e-02 0.00000000e+00 0.00000000e+00]\n",
      " [0.00000000e+00 7.25082269e-03 9.85860896e-01 2.73300240e-03\n",
      "  0.00000000e+00 0.00000000e+00 4.15527916e-03 0.00000000e+00]\n",
      " [0.00000000e+00 1.10739362e-02 2.92163423e-03 9.73359722e-01\n",
      "  0.00000000e+00 0.00000000e+00 0.00000000e+00 1.26447073e-02]\n",
      " [5.92690155e-04 0.00000000e+00 0.00000000e+00 0.00000000e+00\n",
      "  9.99407310e-01 0.00000000e+00 0.00000000e+00 0.00000000e+00]\n",
      " [0.00000000e+00 6.33886958e-03 0.00000000e+00 0.00000000e+00\n",
      "  0.00000000e+00 9.93661130e-01 0.00000000e+00 0.00000000e+00]\n",
      " [0.00000000e+00 0.00000000e+00 1.28188415e-03 0.00000000e+00\n",
      "  0.00000000e+00 0.00000000e+00 9.98718116e-01 0.00000000e+00]\n",
      " [0.00000000e+00 0.00000000e+00 0.00000000e+00 8.60092848e-03\n",
      "  0.00000000e+00 0.00000000e+00 0.00000000e+00 9.91399072e-01]]\n",
      "False\n",
      "[[9.95329865e-01 4.49278789e-03 0.00000000e+00 0.00000000e+00\n",
      "  1.77346891e-04 0.00000000e+00 0.00000000e+00 0.00000000e+00]\n",
      " [2.70511462e-03 9.54040939e-01 3.09554353e-03 1.79597300e-02\n",
      "  0.00000000e+00 2.21986725e-02 0.00000000e+00 0.00000000e+00]\n",
      " [0.00000000e+00 7.25082269e-03 9.85860896e-01 2.73300240e-03\n",
      "  0.00000000e+00 0.00000000e+00 4.15527916e-03 0.00000000e+00]\n",
      " [0.00000000e+00 1.10739362e-02 2.92163423e-03 9.73359722e-01\n",
      "  0.00000000e+00 0.00000000e+00 0.00000000e+00 1.26447073e-02]\n",
      " [5.92690155e-04 0.00000000e+00 0.00000000e+00 0.00000000e+00\n",
      "  9.99407310e-01 0.00000000e+00 0.00000000e+00 0.00000000e+00]\n",
      " [0.00000000e+00 6.33886958e-03 0.00000000e+00 0.00000000e+00\n",
      "  0.00000000e+00 9.93661130e-01 0.00000000e+00 0.00000000e+00]\n",
      " [0.00000000e+00 0.00000000e+00 1.28188415e-03 0.00000000e+00\n",
      "  0.00000000e+00 0.00000000e+00 9.98718116e-01 0.00000000e+00]\n",
      " [0.00000000e+00 0.00000000e+00 0.00000000e+00 8.60092848e-03\n",
      "  0.00000000e+00 0.00000000e+00 0.00000000e+00 9.91399072e-01]]\n",
      "False\n",
      "[[9.95329865e-01 4.49278789e-03 0.00000000e+00 0.00000000e+00\n",
      "  1.77346891e-04 0.00000000e+00 0.00000000e+00 0.00000000e+00]\n",
      " [2.70511462e-03 9.54040939e-01 3.09554353e-03 1.79597300e-02\n",
      "  0.00000000e+00 2.21986725e-02 0.00000000e+00 0.00000000e+00]\n",
      " [0.00000000e+00 7.25082269e-03 9.85860896e-01 2.73300240e-03\n",
      "  0.00000000e+00 0.00000000e+00 4.15527916e-03 0.00000000e+00]\n",
      " [0.00000000e+00 1.10739362e-02 2.92163423e-03 9.73359722e-01\n",
      "  0.00000000e+00 0.00000000e+00 0.00000000e+00 1.26447073e-02]\n",
      " [5.92690155e-04 0.00000000e+00 0.00000000e+00 0.00000000e+00\n",
      "  9.99407310e-01 0.00000000e+00 0.00000000e+00 0.00000000e+00]\n",
      " [0.00000000e+00 6.33886958e-03 0.00000000e+00 0.00000000e+00\n",
      "  0.00000000e+00 9.93661130e-01 0.00000000e+00 0.00000000e+00]\n",
      " [0.00000000e+00 0.00000000e+00 1.28188415e-03 0.00000000e+00\n",
      "  0.00000000e+00 0.00000000e+00 9.98718116e-01 0.00000000e+00]\n",
      " [0.00000000e+00 0.00000000e+00 0.00000000e+00 8.60092848e-03\n",
      "  0.00000000e+00 0.00000000e+00 0.00000000e+00 9.91399072e-01]]\n",
      "False\n",
      "[[9.95329865e-01 4.49278789e-03 0.00000000e+00 0.00000000e+00\n",
      "  1.77346891e-04 0.00000000e+00 0.00000000e+00 0.00000000e+00]\n",
      " [2.70511462e-03 9.54040939e-01 3.09554353e-03 1.79597300e-02\n",
      "  0.00000000e+00 2.21986725e-02 0.00000000e+00 0.00000000e+00]\n",
      " [0.00000000e+00 7.25082269e-03 9.85860896e-01 2.73300240e-03\n",
      "  0.00000000e+00 0.00000000e+00 4.15527916e-03 0.00000000e+00]\n",
      " [0.00000000e+00 1.10739362e-02 2.92163423e-03 9.73359722e-01\n",
      "  0.00000000e+00 0.00000000e+00 0.00000000e+00 1.26447073e-02]\n",
      " [5.92690155e-04 0.00000000e+00 0.00000000e+00 0.00000000e+00\n",
      "  9.99407310e-01 0.00000000e+00 0.00000000e+00 0.00000000e+00]\n",
      " [0.00000000e+00 6.33886958e-03 0.00000000e+00 0.00000000e+00\n",
      "  0.00000000e+00 9.93661130e-01 0.00000000e+00 0.00000000e+00]\n",
      " [0.00000000e+00 0.00000000e+00 1.28188415e-03 0.00000000e+00\n",
      "  0.00000000e+00 0.00000000e+00 9.98718116e-01 0.00000000e+00]\n",
      " [0.00000000e+00 0.00000000e+00 0.00000000e+00 8.60092848e-03\n",
      "  0.00000000e+00 0.00000000e+00 0.00000000e+00 9.91399072e-01]]\n",
      "False\n",
      "[[9.93398265e-01 6.00918314e-03 7.87419010e-06 5.13697164e-05\n",
      "  4.71064141e-04 6.22435979e-05 0.00000000e+00 0.00000000e+00]\n",
      " [4.18613897e-03 9.26974494e-01 4.76673696e-03 2.85965768e-02\n",
      "  7.98298595e-07 3.53323208e-02 5.98181039e-06 1.36952754e-04]\n",
      " [1.12960015e-05 1.05127251e-02 9.79031778e-01 4.26480777e-03\n",
      "  0.00000000e+00 1.00453728e-04 6.05809842e-03 2.08406365e-05]\n",
      " [1.72520010e-05 1.71951117e-02 4.03793670e-03 9.58591786e-01\n",
      "  0.00000000e+00 1.53419580e-04 5.64574907e-06 1.99988481e-02]\n",
      " [6.57377214e-04 9.79479687e-07 0.00000000e+00 0.00000000e+00\n",
      "  9.99341643e-01 0.00000000e+00 0.00000000e+00 0.00000000e+00]\n",
      " [9.87527671e-06 9.90615899e-03 1.11096863e-05 7.24774773e-05\n",
      "  0.00000000e+00 9.90000379e-01 0.00000000e+00 0.00000000e+00]\n",
      " [0.00000000e+00 4.48750999e-06 1.81439721e-03 1.93860431e-06\n",
      "  0.00000000e+00 0.00000000e+00 9.98179177e-01 0.00000000e+00]\n",
      " [0.00000000e+00 5.67967982e-05 9.87182445e-06 1.38204581e-02\n",
      "  0.00000000e+00 0.00000000e+00 0.00000000e+00 9.86112873e-01]]\n",
      "False\n",
      "[[9.93398265e-01 6.00918314e-03 7.87419010e-06 5.13697164e-05\n",
      "  4.71064141e-04 6.22435979e-05 0.00000000e+00 0.00000000e+00]\n",
      " [4.18613897e-03 9.26974494e-01 4.76673696e-03 2.85965768e-02\n",
      "  7.98298595e-07 3.53323208e-02 5.98181039e-06 1.36952754e-04]\n",
      " [1.12960015e-05 1.05127251e-02 9.79031778e-01 4.26480777e-03\n",
      "  0.00000000e+00 1.00453728e-04 6.05809842e-03 2.08406365e-05]\n",
      " [1.72520010e-05 1.71951117e-02 4.03793670e-03 9.58591786e-01\n",
      "  0.00000000e+00 1.53419580e-04 5.64574907e-06 1.99988481e-02]\n",
      " [6.57377214e-04 9.79479687e-07 0.00000000e+00 0.00000000e+00\n",
      "  9.99341643e-01 0.00000000e+00 0.00000000e+00 0.00000000e+00]\n",
      " [9.87527671e-06 9.90615899e-03 1.11096863e-05 7.24774773e-05\n",
      "  0.00000000e+00 9.90000379e-01 0.00000000e+00 0.00000000e+00]\n",
      " [0.00000000e+00 4.48750999e-06 1.81439721e-03 1.93860431e-06\n",
      "  0.00000000e+00 0.00000000e+00 9.98179177e-01 0.00000000e+00]\n",
      " [0.00000000e+00 5.67967982e-05 9.87182445e-06 1.38204581e-02\n",
      "  0.00000000e+00 0.00000000e+00 0.00000000e+00 9.86112873e-01]]\n",
      "False\n",
      "[[9.93398265e-01 6.00918314e-03 7.87419010e-06 5.13697164e-05\n",
      "  4.71064141e-04 6.22435979e-05 0.00000000e+00 0.00000000e+00]\n",
      " [4.18613897e-03 9.26974494e-01 4.76673696e-03 2.85965768e-02\n",
      "  7.98298595e-07 3.53323208e-02 5.98181039e-06 1.36952754e-04]\n",
      " [1.12960015e-05 1.05127251e-02 9.79031778e-01 4.26480777e-03\n",
      "  0.00000000e+00 1.00453728e-04 6.05809842e-03 2.08406365e-05]\n",
      " [1.72520010e-05 1.71951117e-02 4.03793670e-03 9.58591786e-01\n",
      "  0.00000000e+00 1.53419580e-04 5.64574907e-06 1.99988481e-02]\n",
      " [6.57377214e-04 9.79479687e-07 0.00000000e+00 0.00000000e+00\n",
      "  9.99341643e-01 0.00000000e+00 0.00000000e+00 0.00000000e+00]\n",
      " [9.87527671e-06 9.90615899e-03 1.11096863e-05 7.24774773e-05\n",
      "  0.00000000e+00 9.90000379e-01 0.00000000e+00 0.00000000e+00]\n",
      " [0.00000000e+00 4.48750999e-06 1.81439721e-03 1.93860431e-06\n",
      "  0.00000000e+00 0.00000000e+00 9.98179177e-01 0.00000000e+00]\n",
      " [0.00000000e+00 5.67967982e-05 9.87182445e-06 1.38204581e-02\n",
      "  0.00000000e+00 0.00000000e+00 0.00000000e+00 9.86112873e-01]]\n",
      "False\n",
      "[[9.93398265e-01 6.00918314e-03 7.87419010e-06 5.13697164e-05\n",
      "  4.71064141e-04 6.22435979e-05 0.00000000e+00 0.00000000e+00]\n",
      " [4.18613897e-03 9.26974494e-01 4.76673696e-03 2.85965768e-02\n",
      "  7.98298595e-07 3.53323208e-02 5.98181039e-06 1.36952754e-04]\n",
      " [1.12960015e-05 1.05127251e-02 9.79031778e-01 4.26480777e-03\n",
      "  0.00000000e+00 1.00453728e-04 6.05809842e-03 2.08406365e-05]\n",
      " [1.72520010e-05 1.71951117e-02 4.03793670e-03 9.58591786e-01\n",
      "  0.00000000e+00 1.53419580e-04 5.64574907e-06 1.99988481e-02]\n",
      " [6.57377214e-04 9.79479687e-07 0.00000000e+00 0.00000000e+00\n",
      "  9.99341643e-01 0.00000000e+00 0.00000000e+00 0.00000000e+00]\n",
      " [9.87527671e-06 9.90615899e-03 1.11096863e-05 7.24774773e-05\n",
      "  0.00000000e+00 9.90000379e-01 0.00000000e+00 0.00000000e+00]\n",
      " [0.00000000e+00 4.48750999e-06 1.81439721e-03 1.93860431e-06\n",
      "  0.00000000e+00 0.00000000e+00 9.98179177e-01 0.00000000e+00]\n",
      " [0.00000000e+00 5.67967982e-05 9.87182445e-06 1.38204581e-02\n",
      "  0.00000000e+00 0.00000000e+00 0.00000000e+00 9.86112873e-01]]\n",
      "False\n",
      "[[9.93398265e-01 6.00918314e-03 7.87419010e-06 5.13697164e-05\n",
      "  4.71064141e-04 6.22435979e-05 0.00000000e+00 0.00000000e+00]\n",
      " [4.18613897e-03 9.26974494e-01 4.76673696e-03 2.85965768e-02\n",
      "  7.98298595e-07 3.53323208e-02 5.98181039e-06 1.36952754e-04]\n",
      " [1.12960015e-05 1.05127251e-02 9.79031778e-01 4.26480777e-03\n",
      "  0.00000000e+00 1.00453728e-04 6.05809842e-03 2.08406365e-05]\n",
      " [1.72520010e-05 1.71951117e-02 4.03793670e-03 9.58591786e-01\n",
      "  0.00000000e+00 1.53419580e-04 5.64574907e-06 1.99988481e-02]\n",
      " [6.57377214e-04 9.79479687e-07 0.00000000e+00 0.00000000e+00\n",
      "  9.99341643e-01 0.00000000e+00 0.00000000e+00 0.00000000e+00]\n",
      " [9.87527671e-06 9.90615899e-03 1.11096863e-05 7.24774773e-05\n",
      "  0.00000000e+00 9.90000379e-01 0.00000000e+00 0.00000000e+00]\n",
      " [0.00000000e+00 4.48750999e-06 1.81439721e-03 1.93860431e-06\n",
      "  0.00000000e+00 0.00000000e+00 9.98179177e-01 0.00000000e+00]\n",
      " [0.00000000e+00 5.67967982e-05 9.87182445e-06 1.38204581e-02\n",
      "  0.00000000e+00 0.00000000e+00 0.00000000e+00 9.86112873e-01]]\n",
      "False\n",
      "[[9.93398265e-01 6.00918314e-03 7.87419010e-06 5.13697164e-05\n",
      "  4.71064141e-04 6.22435979e-05 0.00000000e+00 0.00000000e+00]\n",
      " [4.18613897e-03 9.26974494e-01 4.76673696e-03 2.85965768e-02\n",
      "  7.98298595e-07 3.53323208e-02 5.98181039e-06 1.36952754e-04]\n",
      " [1.12960015e-05 1.05127251e-02 9.79031778e-01 4.26480777e-03\n",
      "  0.00000000e+00 1.00453728e-04 6.05809842e-03 2.08406365e-05]\n",
      " [1.72520010e-05 1.71951117e-02 4.03793670e-03 9.58591786e-01\n",
      "  0.00000000e+00 1.53419580e-04 5.64574907e-06 1.99988481e-02]\n",
      " [6.57377214e-04 9.79479687e-07 0.00000000e+00 0.00000000e+00\n",
      "  9.99341643e-01 0.00000000e+00 0.00000000e+00 0.00000000e+00]\n",
      " [9.87527671e-06 9.90615899e-03 1.11096863e-05 7.24774773e-05\n",
      "  0.00000000e+00 9.90000379e-01 0.00000000e+00 0.00000000e+00]\n",
      " [0.00000000e+00 4.48750999e-06 1.81439721e-03 1.93860431e-06\n",
      "  0.00000000e+00 0.00000000e+00 9.98179177e-01 0.00000000e+00]\n",
      " [0.00000000e+00 5.67967982e-05 9.87182445e-06 1.38204581e-02\n",
      "  0.00000000e+00 0.00000000e+00 0.00000000e+00 9.86112873e-01]]\n",
      "False\n",
      "[[9.93398265e-01 6.00918314e-03 7.87419010e-06 5.13697164e-05\n",
      "  4.71064141e-04 6.22435979e-05 0.00000000e+00 0.00000000e+00]\n",
      " [4.18613897e-03 9.26974494e-01 4.76673696e-03 2.85965768e-02\n",
      "  7.98298595e-07 3.53323208e-02 5.98181039e-06 1.36952754e-04]\n",
      " [1.12960015e-05 1.05127251e-02 9.79031778e-01 4.26480777e-03\n",
      "  0.00000000e+00 1.00453728e-04 6.05809842e-03 2.08406365e-05]\n",
      " [1.72520010e-05 1.71951117e-02 4.03793670e-03 9.58591786e-01\n",
      "  0.00000000e+00 1.53419580e-04 5.64574907e-06 1.99988481e-02]\n",
      " [6.57377214e-04 9.79479687e-07 0.00000000e+00 0.00000000e+00\n",
      "  9.99341643e-01 0.00000000e+00 0.00000000e+00 0.00000000e+00]\n",
      " [9.87527671e-06 9.90615899e-03 1.11096863e-05 7.24774773e-05\n",
      "  0.00000000e+00 9.90000379e-01 0.00000000e+00 0.00000000e+00]\n",
      " [0.00000000e+00 4.48750999e-06 1.81439721e-03 1.93860431e-06\n",
      "  0.00000000e+00 0.00000000e+00 9.98179177e-01 0.00000000e+00]\n",
      " [0.00000000e+00 5.67967982e-05 9.87182445e-06 1.38204581e-02\n",
      "  0.00000000e+00 0.00000000e+00 0.00000000e+00 9.86112873e-01]]\n",
      "False\n",
      "[[9.93398265e-01 6.00918314e-03 7.87419010e-06 5.13697164e-05\n",
      "  4.71064141e-04 6.22435979e-05 0.00000000e+00 0.00000000e+00]\n",
      " [4.18613897e-03 9.26974494e-01 4.76673696e-03 2.85965768e-02\n",
      "  7.98298595e-07 3.53323208e-02 5.98181039e-06 1.36952754e-04]\n",
      " [1.12960015e-05 1.05127251e-02 9.79031778e-01 4.26480777e-03\n",
      "  0.00000000e+00 1.00453728e-04 6.05809842e-03 2.08406365e-05]\n",
      " [1.72520010e-05 1.71951117e-02 4.03793670e-03 9.58591786e-01\n",
      "  0.00000000e+00 1.53419580e-04 5.64574907e-06 1.99988481e-02]\n",
      " [6.57377214e-04 9.79479687e-07 0.00000000e+00 0.00000000e+00\n",
      "  9.99341643e-01 0.00000000e+00 0.00000000e+00 0.00000000e+00]\n",
      " [9.87527671e-06 9.90615899e-03 1.11096863e-05 7.24774773e-05\n",
      "  0.00000000e+00 9.90000379e-01 0.00000000e+00 0.00000000e+00]\n",
      " [0.00000000e+00 4.48750999e-06 1.81439721e-03 1.93860431e-06\n",
